2834 071539
2834 112559
2834 183283
6015 112559
11007 265817
30110 171552
31691 132016
50748 141480
51128 108798
58673 076242
62194 187778
62725 090432
62725 163430
62725 164627
62725 188343
62725 197901
62725 266094
66056 112559
66382 071539
66629 143319
71539 093010
71539 111224
71539 113575
71539 116670
71539 124356
71539 124688
71539 127399
71539 131721
71539 138131
71539 152213
71539 156795
71539 163499
71539 168237
71539 185345
71539 196290
71539 213722
72958 182195
74319 160948
76242 257315
76685 129245
77348 171311
77454 112559
78399 087077
78902 183283
87076 129084
87076 156795
87077 160972
88002 155749
95059 196290
99949 137822
100302 105404
100311 112559
100764 175166
101751 113595
101751 183283
102048 166135
102048 166165
102401 179632
104064 172349
104064 176774
104611 136279
104611 141985
104765 176171
105404 105404
105404 129245
105404 134594
105404 156795
105404 167081
105404 175895
105404 177427
105404 196290
105404 275074
105549 112559
106305 132016
107262 113595
109065 275074
109220 137822
109220 175895
111218 111218
111218 135316
112559 128283
112559 129204
112559 130513
112559 131408
112559 132716
112559 135930
112559 143845
112559 155034
112559 161692
112559 161798
112559 162129
112559 163346
112559 164743
112559 167395
112559 167774
112559 168763
112559 170689
112559 173894
112559 175213
112559 181751
112559 182307
112559 182511
112559 183048
112559 196646
112559 203942
112559 204099
112559 240583
112559 267855
112559 277462
113595 129084
113595 129245
113595 135451
113595 165507
114107 131626
114107 143793
114107 175213
114107 196646
115145 124356
115661 143382
116903 151332
116903 167994
116903 183690
117461 151332
117625 131149
119401 160191
120860 132639
120860 187778
125753 130066
127328 167994
128050 129245
128050 196290
128050 275074
128951 175895
129084 132938
129084 182195
129084 265817
129245 150787
129245 151332
129245 170540
129245 239672
130066 143436
130066 153237
130066 170689
130066 196290
131626 151332
131721 183283
132661 147206
133818 174791
134202 134202
135482 183283
137822 139410
137822 143382
137822 183690
137822 204713
139546 275074
142459 275074
143006 167615
143006 172349
143006 196290
143382 144810
143382 165821
143382 240583
145945 182195
149089 149089
149089 196290
149089 275074
149474 151332
150787 156795
151247 184708
151332 151332
151332 169756
151332 175895
156795 165704
156795 173801
157500 175895
158246 183283
158526 197728
160752 184708
162517 183283
163875 175895
165626 175895
166946 177971
167615 168175
168062 183283
168137 182195
170860 181817
175213 182195
175895 182195
179562 187778
196290 239672
196290 265817
265817 265817
265817 275074