002330 171552
002822 140416
003756 005102
003756 106511
005102 068305
005102 172530
005102 181513
005249 108599
007001 007001
007001 106511
007001 196470
008441 147862
011304 182872
011590 058404
011590 131721
011590 157110
011638 160307
012504 204231
020256 100395
020256 182872
020426 167110
025434 204231
025796 106511
040275 256061
043462 071051
047579 182636
047932 143889
049167 145349
051128 143294
054356 123560
054965 185359
056487 117625
056487 135457
056487 172530
056558 165792
056558 197905
056558 229809
064195 172530
067646 100395
068305 166484
070367 140368
070367 185359
070367 256061
071051 100842
071051 106299
071051 106511
071051 107816
071051 114423
071051 138443
071051 162620
071539 100299
071539 126759
071539 213930
074319 160948
075945 116701
075975 182636
076382 129195
076382 229809
076604 172530
076604 185359
076604 229809
077092 204231
077157 213639
077420 182636
077522 120729
078114 197114
078328 165209
078487 103043
078487 106511
078487 198945
080561 103126
080561 127870
080561 143889
080561 165792
080561 197114
080561 204231
080561 229809
080572 166508
083838 187626
087077 103126
087077 128683
087077 229809
087338 103126
088280 167193
088727 181513
092200 127870
092200 229809
092203 172530
092529 101624
092529 135457
093183 147378
094796 128683
094796 143889
094796 229809
094880 123415
095066 127870
095066 129195
095787 168314
099256 197771
099968 123560
100109 103126
100109 127870
100109 140368
100109 182636
100109 197114
100109 204231
100201 182872
100290 171552
100395 128050
100395 165626
100395 185482
100505 166167
100519 167193
100567 229809
100721 142208
100842 158092
100983 100983
101624 172530
101935 106511
101935 111077
101935 143382
101935 172638
101935 187766
101935 204713
101935 215455
102103 107816
102103 167110
102181 104969
102181 135018
102181 157613
102181 158014
103034 115255
103034 133318
103034 147676
103034 166091
103034 177674
103043 143889
103043 171552
103043 181938
103043 213930
103126 106511
103126 108395
103126 112559
103126 116030
103126 121454
103126 127191
103126 132938
103126 135604
103126 135951
103126 136436
103126 139083
103126 140368
103126 142186
103126 143514
103126 155890
103126 157450
103126 162624
103126 164649
103126 165689
103126 166140
103126 167110
103126 171448
103126 173801
103126 176155
103126 184507
103126 187796
103126 188554
103126 196470
103126 204610
103126 204713
103126 204889
103126 213416
103126 215271
103126 244537
103266 256061
103549 106511
104081 171552
104442 117640
104892 277586
104964 143889
104964 185359
104964 197114
104969 108823
104969 115380
104969 164692
105392 123415
105392 172530
105392 181513
105392 185359
105392 229809
105404 160307
105479 185359
105556 182636
105866 172530
105879 182872
106052 168434
106144 106144
106299 158092
106305 197114
106459 121454
106511 106638
106511 111845
106511 115380
106511 122591
106511 127870
106511 151689
106511 155666
106511 158169
106511 165792
106511 166508
106511 168314
106511 168434
106511 171560
106511 172530
106511 181513
106511 181938
106511 182872
106511 221829
106511 229809
107099 129195
107159 108010
107262 109971
107262 204713
107485 182866
107816 174791
107816 197114
108021 185359
108309 197905
108395 127870
108395 204231
108599 161405
109606 197114
109654 156345
109906 204889
110921 110921
111057 152229
111057 185359
111057 277586
111077 127870
111077 229809
111145 167193
111206 172530
112214 172530
112214 229809
112232 143889
112232 182872
112232 229809
112365 182872
112559 127870
112559 143889
112559 161204
112559 165792
112559 172530
112559 183048
112559 196878
112559 197905
112559 229809
112877 229809
113282 158555
113312 140368
113595 127870
113595 128683
113595 143889
113595 229809
113595 256061
114019 197114
114107 127870
114107 129195
114107 144381
114107 165792
114107 182872
114107 197114
114107 197905
114107 229809
114126 169016
114354 185359
114423 160310
114745 277586
114859 135018
114859 183386
114956 177138
115204 171772
115380 127191
115641 172530
115694 167110
115694 204713
116030 139083
116701 167110
116754 143889
117155 127870
117155 136925
117155 143889
117155 182636
117155 197114
117155 197905
117155 229809
117475 160948
117475 172530
117475 197114
117475 229809
117560 158092
117569 182872
117640 213401
118971 164885
119401 160191
119950 130307
119950 204889
120498 277586
120699 204231
120860 123240
120896 158092
121454 135018
121454 143382
121454 143514
121454 167110
121454 171360
121454 185811
121454 196628
121454 204889
121570 167193
122188 182636
122367 135457
122515 172530
122591 166946
122591 183386
122591 204713
123136 143889
123240 123240
123240 145901
123415 136603
123560 157613
123609 185359
124713 124713
124713 137486
125354 184640
125457 185359
125826 185359
126368 151689
126522 197771
126524 172578
126804 182636
126970 229809
127191 139083
127191 172530
127191 229809
127328 172530
127870 132938
127870 135249
127870 135604
127870 135951
127870 140481
127870 151338
127870 161405
127870 162924
127870 167110
127870 168710
127870 171346
127870 174015
127870 176155
127870 179222
127870 182195
127870 185811
127870 196628
127870 198920
127870 204713
127870 204889
127870 240694
127870 276234
128272 166167
128596 182636
128596 185359
128596 229809
128683 147676
128683 166091
128683 177674
128683 204889
128683 212900
129195 135249
129195 147676
129195 162373
129195 166091
129195 166946
129195 167110
129195 177674
129195 196470
129195 204713
129195 204889
129195 223501
129245 182636
130307 138663
130307 160948
130307 185359
130307 221829
130307 229809
130307 277586
130402 172399
130475 158092
130475 229809
130717 130717
130830 188529
130950 158092
131051 132680
131095 277586
131264 172530
131467 161204
131738 185359
131759 204231
131773 229809
131931 143889
131931 161204
131931 182872
132680 179950
132680 213401
132744 140650
132842 165113
132912 140382
132912 167110
132938 142208
132938 197905
132938 277586
133069 142208
133069 143889
133069 229809
133226 176444
134107 143889
135018 138663
135018 164692
135018 164953
135249 140368
135249 151575
135249 185359
135249 229809
135457 175324
135457 204231
135604 185359
136143 166091
136143 170540
136143 177674
136158 143889
136436 143889
136436 165792
136436 204231
136436 229809
136603 143889
136603 160948
136603 277586
136925 161405
136925 198945
137338 187626
137478 185359
138080 168434
138180 198844
138443 158092
138443 166508
138443 229809
138629 204231
138663 171345
138814 221823
139637 182636
139722 160948
139722 185359
140262 160948
140262 229809
140368 140382
140368 166833
140368 171772
140368 182645
140368 204231
140368 229809
140463 162924
140481 197114
140481 229809
140481 277586
140743 185359
140743 197114
140859 168434
140859 197114
140859 229809
140859 277586
140987 187626
142528 182872
142698 167193
142698 172530
142698 185359
142731 166167
143368 182872
143382 143889
143442 172530
143514 167193
143514 197114
143514 204231
143889 157110
143889 161405
143889 162924
143889 165119
143889 172530
143889 176903
143889 177138
143889 179222
143889 182872
143889 183690
143889 198563
143889 204713
143889 204889
143889 276234
144504 157110
144591 158092
144591 174808
144591 229809
145390 167193
145819 149798
145901 184056
146147 162924
146147 163995
147162 198088
147378 167654
147378 186810
147421 229809
147465 185247
147526 166167
147596 182872
147676 160307
147676 182199
147862 162599
148985 157613
149131 158014
149262 185359
149292 151338
149532 182872
150456 182636
151332 160948
151338 197114
151338 229809
151445 184056
151575 167110
151689 182195
152944 197172
153086 185247
155324 170876
155749 167193
155868 185359
155875 160948
156313 215271
157110 161204
157110 165209
158092 215271
158301 165487
158301 229809
158806 181163
160062 197114
160191 160191
160201 182636
160307 160307
160307 160678
160307 177674
160307 196754
160307 198326
160310 244462
160678 162924
160685 182636
160948 167110
160948 172062
160948 187796
160948 204713
160948 205571
160948 223501
160948 266094
161204 204713
161405 197114
162373 197114
162373 229809
162512 212724
162512 213417
162512 244537
162512 254997
162714 187626
162924 172530
162924 181513
162924 229809
162931 185359
163472 168484
163618 229809
164118 229809
164597 168434
164649 197114
164692 185774
164692 197860
165061 165209
165113 182636
165119 229809
165119 239306
165325 185359
165792 174015
165792 176903
165792 204889
166091 182199
166167 266094
166228 229809
166387 167193
166508 197172
166508 197771
167110 182636
167110 185359
167110 197114
167110 197905
167110 204231
167110 229809
167110 277586
167565 182636
167858 185359
168175 185359
168314 187766
168314 204889
168314 215455
168314 221837
169016 198176
169398 182866
169800 182872
169826 181392
169953 172530
169953 185359
170540 182199
170540 184047
170788 185359
170860 175324
171148 204231
171346 197114
171346 205420
171346 229809
171346 277586
171360 185359
171401 185359
171401 229809
171401 256061
171401 277586
171560 177674
172468 172530
172468 185359
172530 172530
172530 173614
172530 198945
172530 204918
172530 204919
172530 227151
172530 229665
172530 234278
172936 198001
173421 229809
174015 229809
175084 277586
175283 177272
176155 204231
176155 229809
176390 239306
176903 185359
176903 197905
176903 229809
177674 184047
177685 256061
178053 185247
179222 185359
179222 229809
179455 229809
180096 184640
182195 185359
182195 229809
182318 187626
182636 185519
182636 255302
182636 275895
182636 277586
182645 197905
182645 277586
182872 183808
182872 204918
182872 204919
182872 226941
182872 227151
182872 229665
182872 234278
182923 185359
183048 254997
183137 277586
184402 185359
185002 185359
185002 229809
185359 185880
185359 197683
185359 198920
185359 204713
185359 204889
185359 205420
185359 213024
185359 221829
185359 223501
185359 272617
185359 276234
185359 277586
186812 187626
187626 187626
187626 196345
187796 229809
188313 204231
188313 229809
196470 204231
196628 229809
197114 204713
197114 204889
197905 204713
197905 204889
197905 215271
197905 223501
198373 229809
204231 204713
204231 204889
204371 229809
204713 229809
204889 205420
204889 229809
215271 229809
221829 276234
221837 229809
221864 229809
229809 240694
229809 244537
229809 264343
229809 271383
229809 276234